% Constants

G = 6.67*10^(-11);
M = 5.98*10^(24);
R = 6.371*10^(6);
G*M/R^2

